-66804.0
-77347.0
-79590.0
-216275.0
-89651.0
-66591.0
-79523.0
-55283.0
-168322.0
-77192.0
-66047.0
-70101.0
-52604.0
-49449.0
-57670.0
-51715.0
-62008.0
-47353.0
-51672.0
-41210.0
-502873.0
-36957.0
-37314.0
-38190.0
-54260.0
-47701.0
-44335.0
-42939.0
-37982.0
-43994.0
-506975.0
-83090.0
-416794.0
-40310.0
-38963.0
-148182.0
-38926.0
-33136.0
-47806.0
-35425.0
-31675.0
-56285.0
-37135.0
-84645.0
-37805.0
-36797.0
-39989.0
-34571.0
-42904.0
-31711.0
-27285.0
-34991.0
-41174.0
-32641.0
-32419.0
-29675.0
-30885.0
-25505.0
-30645.0
-28235.0
-29572.0
-31304.0
-28600.0
-27598.0
-29469.0
-27604.0
-27210.0
-35663.0
-31565.0
-24274.0
-44945.0
-27553.0
-33962.0
-25560.0
-24483.0
-41444.0
-25671.0
-39864.0
-24705.0
-27950.0
-26685.0
-22886.0
-25261.0
-42967.0
-26959.0
-24826.0
-25321.0
-25427.0
-20948.0
-21218.0
-20716.0
-20672.0
-26003.0
-26343.0
-23777.0
-19562.0
-24234.0
-23471.0
-69046.0
-19528.0
-181562.0
-18220.0
-18289.0
-21912.0
-132103.0
-20171.0
-16855.0
-32917.0
-20615.0
-17452.0
