408062
415026
412855
626858
425144
402498
412416
395263
603095
423651
410604
407840
394887
388495
398144
396385
405970
385106
391056
379922
1421447
376840
377697
378836
392985
384876
386463
381097
379376
386705
1489283
451718
1267117
381618
378855
539856
379989
370945
387485
374536
367674
399567
374711
408736
377942
374209
378744
375151
383410
369853
364673
376015
383322
368678
372209
368208
367631
360357
368012
362642
365725
370237
364690
366668
366882
361493
363444
372740
373305
361705
382488
363417
365834
361316
362164
382366
366607
373289
357570
367104
361579
361245
357159
378658
365842
356290
364562
361791
356467
357359
354130
355474
361384
367667
360191
352477
360544
359794
409015
354300
493555
353950
354195
356618
454287
354151
352802
365952
354024
348690
