113.35055555555556
115.285
114.68194444444444
174.12722222222223
118.09555555555555
111.805
114.56
109.79527777777778
167.5263888888889
117.68083333333334
114.05666666666667
113.28888888888889
109.69083333333333
107.91527777777777
110.59555555555555
110.10694444444445
112.76944444444445
106.9738888888889
108.62666666666667
105.5338888888889
394.8463888888889
104.67777777777778
104.91583333333334
105.23222222222222
109.1625
106.91
107.35083333333333
105.86027777777778
105.38222222222223
107.41805555555555
413.6897222222222
125.47722222222222
351.9769444444444
106.005
105.2375
149.96
105.5525
103.04027777777777
107.63472222222222
104.03777777777778
102.13166666666666
110.99083333333333
104.08638888888889
113.53777777777778
104.98388888888888
103.94694444444444
105.20666666666666
104.20861111111111
106.50277777777778
102.73694444444445
101.29805555555555
104.4486111111111
106.47833333333334
102.41055555555556
103.39138888888888
102.28
102.11972222222222
100.09916666666666
102.22555555555556
100.73388888888888
101.59027777777777
102.84361111111112
101.30277777777778
101.85222222222222
101.91166666666666
100.41472222222222
100.95666666666666
103.53888888888889
103.69583333333334
100.47361111111111
106.24666666666667
100.94916666666667
101.62055555555555
100.36555555555556
100.60111111111111
106.21277777777777
101.83527777777778
103.6913888888889
99.325
101.97333333333333
100.43861111111111
100.34583333333333
99.21083333333333
105.18277777777777
101.62277777777778
98.96944444444445
101.26722222222222
100.4975
99.01861111111111
99.26638888888888
98.36944444444444
98.74277777777777
100.38444444444444
102.12972222222223
100.05305555555556
97.91027777777778
100.1511111111111
99.94277777777778
113.61527777777778
98.41666666666667
137.0986111111111
98.31944444444444
98.3875
99.06055555555555
126.19083333333333
98.37527777777778
98.00055555555555
101.65333333333334
98.34
96.85833333333333
